,Id,SalesPrice
0,2658,131144.8981792657
1,2718,232818.57300483866
2,2414,199715.42974809057
3,1989,135450.01127933318
4,625,200348.76475075554
5,333,111947.71660041132
6,1327,144322.11563501414
7,858,160618.6665460259
8,95,209611.53165297976
9,1568,196387.49634275734
10,2482,176798.27433240577
11,1364,121325.34052050671
12,2584,165984.28220664273
13,818,314517.64993883076
14,2673,167635.0840634618
15,2089,143008.61854279687
16,1297,180068.11459934028
17,790,116149.85918751881
18,2616,227007.78282569326
19,720,150671.08639960663
20,222,164187.28433010622
21,557,132356.1730656125
22,1148,236155.54098091967
23,2766,172095.58784470268
24,534,207318.22641053592
25,1452,117489.6828224874
26,630,171584.56400662987
27,2648,114993.08279381627
28,125,129124.9841146991
29,1904,34509.95840353565
30,1670,140533.98230417652
31,756,107171.25281203145
32,717,252736.5315283845
33,1032,189237.86004685558
34,852,239514.9313583425
35,1731,181715.6424512712
36,2639,150464.01218450567
37,2071,76872.9572758878
38,1267,107818.49469045615
39,1851,209490.81389131595
40,567,178883.0054838702
41,2439,220962.2264178485
42,1898,184449.61596046737
43,647,189412.7420616105
44,2256,234026.5591056679
45,979,146473.07753218152
46,1444,233094.16312915058
47,2485,109670.44603777892
48,157,132494.75282528187
49,88,119217.0379499911
50,2003,88093.10763418049
51,186,164342.1760517711
52,1425,276310.772523559
53,2695,135072.99332337224
54,738,76773.42069321994
55,395,159991.21959057768
56,1353,120396.58309595264
57,1878,177663.23520920682
58,390,173844.8190143922
59,1456,254759.27866053622
60,1103,305786.87281923264
61,1387,109193.49549656978
62,2070,186606.98854004793
63,1199,163635.46552116427
64,2479,179803.8067049017
65,501,313946.2042510583
66,2362,89784.30460926301
67,1718,234747.56013501858
68,2188,79077.56721127445
69,1483,177224.1458954433
70,2557,79082.0224368098
71,437,300857.2560705807
72,2224,233749.90917994513
73,1628,171813.66121015654
74,397,131250.7314115222
75,587,219485.0823813854
76,2182,487135.55909816636
77,971,175003.5592916979
78,2611,143183.6220648685
79,1887,71209.28191374603
80,2399,284639.90619561693
81,2148,231782.8825122369
82,304,118185.66520947761
83,1997,153613.28576048167
84,2817,136371.53916652044
85,1431,192682.64295037955
86,427,354942.3013680252
87,263,128302.69835987261
88,598,177351.00844981906
89,2895,226983.52558926333
90,687,170545.08912720974
91,1822,138017.22012095276
92,2191,122491.7403888792
93,179,129733.78530125662
94,1009,191271.3611112034
95,2010,120239.21295620955
96,1991,133014.1626059829
97,1411,170823.65064427626
98,1721,252451.55652435223
99,1144,207110.45564755303
100,593,198822.2722849124
101,575,253264.3615584774
102,1249,200566.64959323785
103,1604,129847.24208537905
104,1064,366603.0189134206
105,1923,166608.71844024974
106,1988,90190.2500263369
107,2325,186534.13766797577
108,114,222477.49752758935
109,2700,213407.9590188815
110,217,166537.39192850635
111,343,195811.47052815938
112,386,239942.9669300846
113,2005,143896.01297132595
114,2908,156642.7268945913
115,1814,229067.9150816115
116,2446,366687.5573520048
117,208,166844.38374310874
118,1679,129792.6075361064
119,822,285293.07967735233
120,6,209310.1127426396
121,1781,324825.81175475684
122,2397,264485.86614479055
123,2340,257173.0722470525
124,1618,173162.98224293452
125,2843,145156.26704342733
126,1061,312282.3719879857
127,2786,112767.65781723772
128,1935,136038.5730264835
129,1341,132501.48073659185
130,521,278255.54035682825
131,2136,149913.648581361
132,996,229112.77594126918
133,227,179868.51375772798
134,135,176230.56294494402
135,1167,181572.7836929376
136,294,229937.5927326442
137,1776,218484.95230651
138,540,195116.98872557053
139,1717,234747.56013501858
140,2303,120155.11126089064
141,116,221641.71060319708
142,127,134112.393554316
143,1371,116546.45312601008
144,1014,197676.50088880645
145,1507,79673.54753256138
146,702,150378.95757819596
147,750,137662.70454939856
148,261,139396.30360665373
149,1559,54527.43580554855
150,577,219960.69556990743
151,2812,209589.8856454348
152,2080,137741.53635433107
153,1368,102779.70980639503
154,2376,125843.51949399043
155,659,101729.59618471256
156,1235,111004.13578578054
157,332,88451.52495355725
158,1917,132813.8849582167
159,2094,259607.51595647732
160,1460,284208.3502683219
161,1471,227374.2800654404
162,1509,125374.44984756965
163,1922,141612.22234484056
164,433,379137.8931755355
165,460,239424.7350672706
166,1116,264119.6518823382
167,1137,193919.66752324827
168,53,184564.2860183557
169,2354,260989.92173070065
170,1475,211450.41185848607
171,1761,446864.75402627565
172,842,165247.43868385104
173,2739,199870.52766938068
174,2509,169494.07600013752
175,1007,210506.07432525503
176,2610,189262.25336987575
177,1952,50916.442533432244
178,2719,231650.50440299424
179,2921,109270.03874445929
180,1966,134598.8343713342
181,292,114349.76357478349
182,1204,191217.2842455131
183,1829,262161.4574945138
184,2419,186167.39249506601
185,391,175511.024260052
186,798,89307.15310169864
187,481,198601.84018409534
188,193,200231.7234326114
189,555,119438.43287242665
190,899,83952.60773622134
191,2357,186390.22028877944
192,328,135899.78201556456
193,1356,101308.0069336274
194,1154,101106.387307853
195,1730,201495.62215539045
196,2249,154180.77279886688
197,1119,265609.67213165236
198,2856,142395.05990521342
199,1394,144876.1186795108
200,2587,120852.45236855415
201,61,317177.5871398351
202,2661,186577.09597970854
203,2711,112578.12675954732
204,1147,190476.57910317273
205,757,127033.7188323677
206,2623,79127.56340537977
207,2378,172242.41171212125
208,1413,138063.60199389403
209,1722,225435.25112102908
210,1112,249635.36873576295
211,1623,215447.90870119055
212,1201,198618.010028925
213,1513,132025.71421270724
214,957,257965.3805496651
215,1171,234768.35895648185
216,1145,190862.01194010436
217,2726,245783.63231701287
218,703,163302.3069406153
219,760,53102.184789521154
220,1964,143204.05378924604
221,2512,179521.75604622037
222,159,165828.24960256732
223,1281,178363.7593752922
224,468,201229.57439799988
225,290,105952.34352989758
226,665,87341.58905985524
227,1463,279180.3093107423
228,1792,230435.68362618663
229,923,136401.6659211047
230,500,289318.79227725894
231,1408,194958.64687643197
232,331,71144.75639710356
233,170,141013.28699178406
234,2192,106317.63845733654
235,2571,280918.1116479768
236,2314,187732.92383189173
237,2647,66824.80849963041
238,422,362328.02728857193
239,2457,341516.47200007515
240,1838,223476.78887069185
241,2805,256403.8560638455
242,1645,174117.5002359774
243,1711,278254.6902835775
244,2825,263357.6516127775
245,322,304204.39318158646
246,2103,279720.5878897826
247,342,111010.54813747168
248,600,126321.56540923454
249,488,223493.7397191824
250,1725,281099.3341261194
251,2246,248392.74897726293
252,2847,188851.9066171282
253,806,234201.32284857862
254,530,250803.6359229279
255,963,213793.83837299756
256,2678,83845.11308445121
257,171,86664.71465431724
258,2401,345006.6202386849
259,805,223858.81902656722
260,2259,219260.96936650656
261,1748,180869.53975036583
262,1361,120221.37397371343
263,1677,122231.0799271701
264,1406,160410.76290396383
265,2322,233891.45250706296
266,688,162869.20975489548
267,143,135519.49077881043
268,804,203334.47203607697
269,1214,160270.3814657762
270,2828,172381.611660112
271,1999,213789.89196106186
272,2467,205135.572963842
273,2665,129912.64681283117
274,1538,323193.6400829771
275,398,131622.12793621677
276,2822,142407.78540667758
277,2157,158758.07727976018
278,1856,207893.67995698057
279,1269,78739.95832397076
280,2570,108587.37721869281
281,2320,250561.64665400144
282,1517,101831.44260628347
283,2304,124808.50225210132
284,1312,90120.97991628326
285,2012,124073.16846962107
286,506,218672.68783883084
287,2865,174350.25465331305
288,2367,103746.92909879003
289,554,73580.14271661545
290,238,141108.47096121823
291,1954,99220.84924663762
292,2488,145874.60517966922
293,2291,116453.9659583929
294,1969,75961.11259977774
295,2725,196820.46079451698
296,1482,177224.1458954433
297,2763,205146.8553999408
298,503,248451.77205202356
299,1584,226315.6334242137
300,1531,147331.22834342165
301,2210,153969.9493234788
302,459,286697.296813307
303,556,143312.87327534336
304,1347,151628.58238180412
305,1290,62167.28163836751
306,1388,88660.46407144105
307,1571,223615.40066299302
308,2754,231513.0116909892
309,765,138016.09488489936
310,2494,120179.89506922534
311,2870,231701.22507980635
312,7,206546.92791452486
313,1114,255422.92361176558
314,2418,272573.6372072295
315,291,137976.3454830738
316,18,303740.9680863969
317,39,288849.1958488086
318,1001,250021.63574070417
319,2442,244254.1780195479
320,616,121521.32136413461
321,2680,37906.18157485951
322,1414,94104.47900094496
323,289,135456.46641508234
324,40,256075.5771508309
325,860,138189.09167666675
326,409,132415.03979888343
327,673,188891.0567809664
328,2427,184017.1802743084
329,2036,218968.04617542264
330,2564,154650.37861173728
331,642,195325.95698908085
332,1008,181647.1083150274
333,1908,143713.66598154942
334,2519,222096.2280112343
335,1369,98076.43140993844
336,2855,127977.1848833077
337,712,61067.80218791298
338,1943,106361.8334350411
339,1958,118661.91268897883
340,107,145933.3319482325
341,2295,249450.34780483297
342,704,72130.21607179203
343,676,123622.83063665242
344,259,195211.84875733548
345,93,270345.10865543294
346,106,235013.94154015227
347,2315,209623.0007948957
348,1050,105428.22568013266
349,1095,199730.38247041462
350,2709,159371.67360499475
351,758,126766.82794772017
352,1496,183416.52324485139
353,2370,121033.75872484784
354,2458,252000.7947677881
355,2733,155449.9137266198
356,161,275550.14933022
357,726,156760.46767176414
358,845,218672.1953007179
359,947,254420.81569393372
360,2232,114572.4290893617
361,2563,148050.95137338794
362,2299,170660.66955218103
363,211,73484.70343877222
364,605,209879.92122060186
365,1478,196910.61453269547
366,2247,251565.35952766507
367,2274,252049.3806823322
368,2869,218425.4024164553
369,967,220053.81345394911
370,2656,148704.21281662083
371,667,248409.35461322713
372,1042,109042.3922786861
373,2023,151468.48505744906
374,2447,320928.14372802875
375,2055,102995.92562850653
376,2275,277604.159109324
377,2204,145740.45682999498
378,1563,246918.16343052807
379,483,232795.64708198135
380,796,137298.88274521005
381,1526,123513.05489906068
382,2042,138818.25701864134
383,442,292664.89743793
384,1693,288646.5207227238
385,1468,221799.59359358792
386,1430,183918.9812806337
387,2605,191447.12051707963
388,1529,141094.422309844
389,335,131275.8217492347
390,1287,153017.59817705204
391,31,112165.34656726242
392,1785,280205.77951463737
393,82,177827.94371347947
394,2620,144150.48146433066
395,252,217760.4997669411
396,721,52045.840508896465
397,2165,219085.3810714414
398,2316,194105.36659391443
399,775,145453.06288205512
400,1558,152158.6645264207
401,17,190171.30147235145
402,1022,234919.41968501374
403,925,100950.24156290793
404,438,287233.08333664486
405,1270,145426.68920895015
406,1272,115909.32098560224
407,215,132072.9256720437
408,266,237876.08231585758
409,2402,257395.5029286357
410,1250,136509.2327598128
411,1984,159329.26091136335
412,1279,149541.85162277299
413,377,255010.7504017606
414,1252,149579.10896171932
415,2156,248557.0421827164
416,499,288105.6930918727
417,1374,114284.3171618782
418,2898,257389.15059679688
419,401,133102.48458984654
420,2721,213659.85417699898
421,2078,264820.5726749287
422,2589,110196.96503985955
423,1946,285088.7578121102
424,1334,100467.50456118876
425,2781,261935.78963823104
426,431,316592.36323015415
427,576,205219.42257715244
428,1474,206191.9722002779
429,2254,124688.48154059643
430,2155,261778.77478182476
431,885,122873.89370216502
432,643,109315.21839744507
433,1944,145486.01571450214
434,480,210241.07120921204
435,2845,109678.59236065747
436,2387,289552.45682975446
437,2407,224018.47062812856
438,2527,177986.19710638208
439,2514,158845.16620531425
440,629,211013.8947768337
441,80,202017.4682576625
442,1876,152815.1007916514
443,1546,123149.83947450422
444,2518,185559.02272963658
445,2347,178979.5063122894
446,783,232375.18287158076
447,1322,85544.81552142384
448,194,58857.89785291215
449,1770,292103.40538369596
450,2143,153542.01810157427
451,1229,218071.3344550605
452,511,282620.472198837
453,46,228650.70604110646
454,1348,169307.44848774985
455,2465,202944.16318578838
456,387,233417.85862848023
457,873,221271.62870097195
458,1918,107689.18351160716
459,2764,219759.59609033304
460,2184,142340.06134824938
461,934,167699.09018370003
462,1920,138088.41119620544
463,2631,151498.4731881577
464,1768,440178.12444517756
465,2040,138244.46505737808
466,1749,229267.75569015587
467,834,231522.25193540507
468,1457,261342.16540736865
469,79,115370.89995138007
470,2302,118674.75460726087
471,1817,142265.60450620906
472,2755,257329.0080430908
473,359,187786.12665639064
474,2059,108492.89343538565
475,2092,247172.77944084822
476,2516,243766.84955010057
477,150,102855.25025614776
478,1656,151907.46621709652
479,83,88841.50027156962
480,2411,213683.98211610407
481,795,66385.06956089854
482,2312,254344.8398992711
483,2917,68750.11399245904
484,1624,174574.5556912175
485,2215,276136.3986522544
486,1211,153078.54417419227
487,1485,176941.1104441358
488,1024,173590.27104133466
489,570,230733.94691492338
490,2874,111535.84050055913
491,700,156412.0549574536
492,2756,233996.11481730008
493,2022,185394.39711971782
494,583,229396.40849859884
495,2392,295680.34753367765
496,2424,219392.63922077423
497,212,87695.76831315659
498,736,144059.15486409183
499,1610,194667.8887461674
500,890,145603.28658099234
501,467,198297.0378357956
502,578,220119.1136731489
503,1747,171792.4646115912
504,1149,180976.1137634869
505,2758,268241.43674571556
506,857,142037.98581734573
507,2219,246789.2209356166
508,733,87770.46433746413
509,2909,141188.96007897652
510,1798,283872.4931144126
511,235,176811.73982940576
512,2366,163555.55127981116
513,1027,140106.36997674365
514,1195,158574.02843540354
515,1303,44761.36611997872
516,148,196059.70492399132
517,608,192861.14460282933
518,2515,199175.0014661045
519,821,278017.8390466261
520,2500,255902.50043084804
521,745,116935.02222128649
522,741,138408.46724944247
523,1611,101839.53404693496
524,2532,119193.04641452123
525,1081,239982.75250497035
526,1692,354361.2136002354
527,2520,169750.90369722206
528,276,96195.5990271876
529,1992,127160.92959502665
530,663,30927.45865955
531,418,119256.87189735928
532,1733,209440.53654065367
533,2359,144336.1121875168
534,253,209377.16955953249
535,1518,186088.4108450623
536,2035,138561.47090751215
537,2919,88451.52495355725
538,1540,233687.83829926833
539,2120,186830.34159497183
540,1674,218770.7277086562
541,256,137990.0329611407
542,2361,109782.76228693698
543,978,89851.66323466857
544,2280,166159.9118652238
545,2095,223425.88510169357
546,1709,297377.4960567951
547,2801,249476.84728047604
548,1246,82022.083667868
549,2373,121589.11468679726
550,1055,259114.01522802748
551,2017,98908.76064517429
552,1099,250813.7760510898
553,1344,75169.76342567964
554,835,190862.4617486665
555,1117,220566.29448740336
556,2043,64956.511050665824
557,2085,136166.96708007643
558,410,173196.78262879196
559,2650,87531.31987609953
560,2867,148806.49723647156
561,1668,118675.92939833959
562,1161,184687.01364841108
563,2122,182513.17253079885
564,2539,151944.65850595201
565,1047,143828.40687004713
566,1445,127943.91256920926
567,541,151921.43340115505
568,569,265368.3024604937
569,1276,106342.93482561015
570,918,118442.8000984356
571,326,229348.2075874933
572,1936,129187.5839421663
573,895,100637.33365373082
574,257,169347.8883038578
575,1241,182175.2139220485
576,1545,105163.75876752796
577,1189,182779.09141748803
578,270,159955.39848208244
579,2066,225092.77003914068
580,693,103163.2345746716
581,1259,210317.49918909036
582,2916,172354.97679691567
583,2321,300993.81285377545
584,1977,96444.21738640164
585,1895,157623.4206095988
586,1240,159215.38324354112
587,85,168850.27558752944
588,1823,138849.8754773396
589,825,289146.59978910524
590,110,239826.87287218045
591,697,118960.5848184383
592,2297,84236.13662829812
593,1231,136765.64727384588
594,1355,133416.70392199987
595,968,287481.5408553396
596,584,241479.70180600192
597,1315,105715.38493315534
598,1606,174329.19154938162
599,206,114518.62522130844
600,1685,283084.07243850746
601,2016,151283.14383474164
602,869,220328.98914828818
603,2135,128107.73938127582
604,2346,183749.77006646208
605,2430,244589.6509774901
606,2198,60554.753908120925
607,2652,122253.02161384455
608,27,129753.05815755251
609,241,195848.8282442397
610,906,130917.62528332611
611,1506,97773.81872102965
612,2098,339755.8622500314
613,1435,225394.92329715533
614,2213,105998.79743893837
615,1274,121753.06544833216
616,743,52958.02581055474
617,1737,200186.44311762787
618,2797,260581.41140974493
619,2185,55252.37646571698
620,58,179416.98466964872
621,830,207934.35964796657
622,808,135766.8605303002
623,680,170344.7327665391
624,1153,111780.65691088092
625,1291,133065.26736504503
626,1818,211554.11765143817
627,2161,195097.0993661357
628,1883,128867.79442834541
629,350,322178.0786170184
630,2473,155337.35674639407
631,295,196787.18105131373
632,293,197771.53003580298
633,859,133725.4872659499
634,288,61934.13367838746
635,1578,168061.54802435904
636,102,181545.10427385988
637,2831,201021.1278467055
638,1030,195609.05939991388
639,2551,132332.05150649606
640,1286,168887.54029985226
641,958,281280.08990766277
642,776,141737.57431462247
643,72,236254.00698295402
644,2263,261896.37000828295
645,1866,139100.72586956635
646,2876,53073.84002188826
647,2146,269728.57266447984
648,103,176110.00952211986
649,1500,171684.28138294365
650,492,213547.30284883286
651,167,140408.2960018028
652,2597,123605.72273287168
653,2685,103821.9298616927
654,1035,138585.5512248192
655,1220,50354.56336565199
656,2602,128763.56211834712
657,2159,226492.93450069873
658,695,121460.20283704497
659,1109,264491.63462581823
660,640,207472.08580713527
661,1652,167566.32455827523
662,2090,213870.48438048013
663,1188,219315.34596197458
664,2345,233600.68731182843
665,1059,340240.3963587389
666,2751,257595.69729961889
667,128,258440.05898366377
668,1523,176389.03889938875
669,2925,193670.6513235311
670,2145,292087.449136246
671,1121,217627.2286899002
672,566,322552.79304632416
673,565,226343.01390163094
674,1331,139069.7771092215
675,2928,122823.17397070563
676,156,159871.93656326426
677,797,184509.3955551938
678,327,112862.0023514261
679,2859,124273.83091159356
680,1453,110255.84552539086
681,1762,340481.92038743617
682,1868,202929.94790091045
683,1760,213217.43518321175
684,1113,268493.2358990918
685,1812,199446.55284026478
686,117,157746.47686571223
687,1142,239321.65731411075
688,2342,312015.2796160991
689,927,137919.98741346656
690,2478,220061.45778963194
691,655,95600.1306268352
692,2064,111588.15530731723
693,369,234288.53872332285
694,2239,103132.22227776857
695,2732,210807.18002197245
696,1653,164602.95118851896
697,959,220165.73509468822
698,2395,302294.3935924908
699,1412,95393.54435188844
700,271,248922.49895092694
701,1484,177224.1458954433
702,1497,188288.06845974026
703,552,201377.59031657153
704,2,134626.99545718363
705,1855,275636.3667186842
706,4,265663.49374062195
707,2292,187282.6077756239
708,134,140824.7389516836
709,646,150631.70265029639
710,42,271456.77643223887
711,532,229321.20521328071
712,713,109986.22875274617
713,2561,112879.03741539216
714,2360,130465.14344519001
715,1333,128436.53880506312
716,1407,190235.76714425086
717,2892,285306.09031578456
718,574,203330.37583456907
719,1227,194037.27202124646
720,2591,249194.23253927752
721,1476,211111.90470272617
722,1125,253207.43802734755
723,1446,127481.91945984114
724,408,119201.6811763143
725,1101,276822.98697219015
726,2251,236420.57057896946
727,373,198013.81145811986
728,2554,113767.85254020357
729,2382,274450.81036022655
730,1985,62534.25547002717
731,519,211319.18548594136
732,1093,220149.45210819016
733,864,257387.48998698732
734,2889,146580.08620326954
735,2308,239080.29739656777
736,986,176189.14771239832
737,1302,178419.7938769185
738,585,166833.86036521642
739,2708,145800.25535230964
740,147,129294.61658835446
741,1441,235136.257746193
742,383,193329.1604498706
743,285,197880.23404838197
744,181,106803.83445181181
745,358,183603.11617603037
746,780,181677.4895029371
747,258,214420.1940430691
748,1865,229797.5144136247
749,692,122871.45458067054
750,2902,324932.84433657606
751,508,275456.17651626887
752,2638,136043.10908592935
753,36,172878.38585131775
754,611,188111.45665315655
755,2281,145065.96990095504
756,1678,122231.0799271701
757,1696,382162.5618305305
758,1557,86379.52784986756
759,2180,185419.85883708365
760,1726,226188.4567121382
761,951,145456.24847714248
762,267,248253.51741032355
763,2706,178580.02962746352
764,2221,241967.5923055411
765,1357,160717.72738296769
766,2901,304027.44673318346
767,347,185914.1623472965
768,2164,197412.330375495
769,1586,307246.4600675947
770,360,189492.09214032875
771,1769,234476.37003118912
772,2617,131763.80914241448
773,1879,179043.8905926309
774,991,242032.84739688804
775,1535,102546.2572810557
776,1191,181329.34149606686
777,1579,214147.97823599554
778,1882,134269.2538027435
779,1510,151807.0982503096
780,2196,149535.90452490552
781,1845,199096.88713852823
782,2336,305306.3383796086
783,942,70185.75162968061
784,861,133762.60189335272
785,2555,99973.068392512
786,1392,159514.71161965048
787,2099,279720.5878897826
788,1543,147569.392095867
789,948,283017.78575814713
790,1239,178668.79373302066
791,22,186191.38537169734
792,2796,259484.57024853482
793,2747,188155.1946419535
794,92,274121.41557014186
795,210,196332.09579931464
796,1858,220599.49803519322
797,2228,161964.69889432137
798,447,235092.72298108664
799,827,258794.60878197628
800,1649,199834.37742087105
801,682,133694.58738353004
802,2698,88357.75986647916
803,494,178957.47987439673
804,214,90554.64969564081
805,2441,248478.2553003241
806,2679,91254.54865692198
807,1336,141310.5332821454
808,465,196331.80636203295
809,1524,112088.33085649907
810,2543,120795.79226228684
811,631,119031.13537388903
812,2452,288663.1100319363
813,228,162535.61898933336
814,126,177873.99146867756
815,1092,226001.67226627027
816,1122,213560.30217965128
817,932,221012.30770754124
818,1980,87382.96580645611
819,2171,123318.64192394793
820,551,157706.41187668068
821,2768,184351.50622573652
822,2056,115351.36552132296
823,1159,311013.943319993
824,2645,135939.08277175797
825,1174,174011.75313569588
826,2266,210103.0991993407
827,2462,332310.2371415126
828,1219,146968.81105371562
829,2922,210357.34016007293
830,118,153135.64813925273
831,474,198664.81232958904
832,2576,144572.3942450801
833,872,264731.8053924008
834,1077,228496.5454353931
835,1536,129337.88559818303
836,1150,137081.94155814993
837,2341,285292.6878771988
838,1931,146964.96409427916
839,2785,136904.88540829747
840,2538,120263.92629826083
841,597,214837.934082514
842,464,194169.86334750557
843,233,217106.1108949681
844,2169,137858.90596251562
845,2123,173174.93220142784
846,1867,163971.6474520673
847,137,268718.38680916146
848,515,247152.6827713931
849,933,146831.57568879673
850,2784,171511.34902018312
851,972,178703.91907335987
852,599,174912.92786881418
853,2614,97485.51763835576
854,2582,186058.74825882836
855,1409,142806.2830107725
856,175,106804.43195594405
857,352,207439.18298825689
858,976,112166.23210405481
859,2134,199895.60365559143
860,984,104309.63693332116
861,2396,322878.07812665554
862,1673,139930.44331592516
863,404,142694.8402594835
864,607,204229.22885695793
865,814,216873.7138587408
866,868,205853.99988370924
867,2271,230425.88260892555
868,1633,235646.67951809708
869,337,230887.99777107264
870,2765,170967.21325755768
871,1746,247847.54566240584
872,368,313863.36063041026
873,2806,210581.91633928538
874,1662,201610.33374305762
875,1234,220590.8320695194
876,1373,150571.61897272908
877,1672,129277.93038460177
878,1939,139871.50311467645
